0
1
500
1000
501
2
3
502
1001
1500
2000
1501
1002
503
4
5
504
1003
1502
2001
2500
3000
2501
2002
1503
1004
505
6
7
506
1005
1504
2003
2502
3001
3500
3501
3002
2503
2004
1505
1006
507
8
9
508
1007
1506
2005
2504
3003
3502
3503
3004
2505
2006
1507
1008
509
10
11
510
1009
1508
2007
2506
3005
3504
3505
3006
2507
2008
1509
1010
511
12
13
512
1011
1510
2009
2508
3007
3506
3507
3008
2509
2010
1511
1012
513
14
15
514
1013
1512
2011
2510
3009
3508
3509
3010
2511
2012
1513
1014
515
16
17
516
1015
1514
2013
2512
3011
3510
3511
3012
2513
2014
1515
1016
517
18
19
518
1017
1516
2015
2514
3013
3512
3513
3014
2515
2016
1517
1018
519
20
21
520
1019
1518
2017
2516
3015
3514
3515
3016
2517
2018
1519
1020
521
22
23
522
1021
1520
2019
2518
3017
3516
3517
3018
2519
2020
1521
1022
523
24
25
524
1023
1522
2021
2520
3019
3518
3519
3020
2521
2022
1523
1024
525
26
27
526
1025
1524
2023
2522
3021
3520
3521
3022
2523
2024
1525
1026
527
28
29
528
1027
1526
2025
2524
3023
3522
3523
3024
2525
2026
1527
1028
529
30
31
530
1029
1528
2027
2526
3025
3524
3525
3026
2527
2028
1529
1030
531
32
33
532
1031
1530
2029
2528
3027
3526
3527
3028
2529
2030
1531
1032
533
34
35
534
1033
1532
2031
2530
3029
3528
3529
3030
2531
2032
1533
1034
535
36
37
536
1035
1534
2033
2532
3031
3530
3531
3032
2533
2034
1535
1036
537
38
39
538
1037
1536
2035
2534
3033
3532
3533
3034
2535
2036
1537
1038
539
40
41
540
1039
1538
2037
2536
3035
3534
3535
3036
2537
2038
1539
1040
541
42
43
542
1041
1540
2039
2538
3037
3536
3537
3038
2539
2040
1541
1042
543
44
45
544
1043
1542
2041
2540
3039
3538
3539
3040
2541
2042
1543
1044
545
46
47
546
1045
1544
2043
2542
3041
3540
3541
3042
2543
2044
1545
1046
547
48
49
548
1047
1546
2045
2544
3043
3542
3543
3044
2545
2046
1547
1048
549
50
51
550
1049
1548
2047
2546
3045
3544
3545
3046
2547
2048
1549
1050
551
52
53
552
1051
1550
2049
2548
3047
3546
3547
3048
2549
2050
1551
1052
553
54
55
554
1053
1552
2051
2550
3049
3548
3549
3050
2551
2052
1553
1054
555
56
57
556
1055
1554
2053
2552
3051
3550
3551
3052
2553
2054
1555
1056
557
58
59
558
1057
1556
2055
2554
3053
3552
3553
3054
2555
2056
1557
1058
559
60
61
560
1059
1558
2057
2556
3055
3554
3555
3056
2557
2058
1559
1060
561
62
63
562
1061
1560
2059
2558
3057
3556
3557
3058
2559
2060
1561
1062
563
64
65
564
1063
1562
2061
2560
3059
3558
3559
3060
2561
2062
1563
1064
565
66
67
566
1065
1564
2063
2562
3061
3560
3561
3062
2563
2064
1565
1066
567
68
69
568
1067
1566
2065
2564
3063
3562
3563
3064
2565
2066
1567
1068
569
70
71
570
1069
1568
2067
2566
3065
3564
3565
3066
2567
2068
1569
1070
571
72
73
572
1071
1570
2069
2568
3067
3566
3567
3068
2569
2070
1571
1072
573
74
75
574
1073
1572
2071
2570
3069
3568
3569
3070
2571
2072
1573
1074
575
76
77
576
1075
1574
2073
2572
3071
3570
3571
3072
2573
2074
1575
1076
577
78
79
578
1077
1576
2075
2574
3073
3572
3573
3074
2575
2076
1577
1078
579
80
81
580
1079
1578
2077
2576
3075
3574
3575
3076
2577
2078
1579
1080
581
82
83
582
1081
1580
2079
2578
3077
3576
3577
3078
2579
2080
1581
1082
583
84
85
584
1083
1582
2081
2580
3079
3578
3579
3080
2581
2082
1583
1084
585
86
87
586
1085
1584
2083
2582
3081
3580
3581
3082
2583
2084
1585
1086
587
88
89
588
1087
1586
2085
2584
3083
3582
3583
3084
2585
2086
1587
1088
589
90
91
590
1089
1588
2087
2586
3085
3584
3585
3086
2587
2088
1589
1090
591
92
93
592
1091
1590
2089
2588
3087
3586
3587
3088
2589
2090
1591
1092
593
94
95
594
1093
1592
2091
2590
3089
3588
3589
3090
2591
2092
1593
1094
595
96
97
596
1095
1594
2093
2592
3091
3590
3591
3092
2593
2094
1595
1096
597
98
99
598
1097
1596
2095
2594
3093
3592
3593
3094
2595
2096
1597
1098
599
100
101
600
1099
1598
2097
2596
3095
3594
3595
3096
2597
2098
1599
1100
601
102
103
602
1101
1600
2099
2598
3097
3596
3597
3098
2599
2100
1601
1102
603
104
105
604
1103
1602
2101
2600
3099
3598
3599
3100
2601
2102
1603
1104
605
106
107
606
1105
1604
2103
2602
3101
3600
3601
3102
2603
2104
1605
1106
607
108
109
608
1107
1606
2105
2604
3103
3602
3603
3104
2605
2106
1607
1108
609
110
111
610
1109
1608
2107
2606
3105
3604
3605
3106
2607
2108
1609
1110
611
112
113
612
1111
1610
2109
2608
3107
3606
3607
3108
2609
2110
1611
1112
613
114
115
614
1113
1612
2111
2610
3109
3608
3609
3110
2611
2112
1613
1114
615
116
117
616
1115
1614
2113
2612
3111
3610
3611
3112
2613
2114
1615
1116
617
118
119
618
1117
1616
2115
2614
3113
3612
3613
3114
2615
2116
1617
1118
619
120
121
620
1119
1618
2117
2616
3115
3614
3615
3116
2617
2118
1619
1120
621
122
123
622
1121
1620
2119
2618
3117
3616
3617
3118
2619
2120
1621
1122
623
124
125
624
1123
1622
2121
2620
3119
3618
3619
3120
2621
2122
1623
1124
625
126
127
626
1125
1624
2123
2622
3121
3620
3621
3122
2623
2124
1625
1126
627
128
129
628
1127
1626
2125
2624
3123
3622
3623
3124
2625
2126
1627
1128
629
130
131
630
1129
1628
2127
2626
3125
3624
3625
3126
2627
2128
1629
1130
631
132
133
632
1131
1630
2129
2628
3127
3626
3627
3128
2629
2130
1631
1132
633
134
135
634
1133
1632
2131
2630
3129
3628
3629
3130
2631
2132
1633
1134
635
136
137
636
1135
1634
2133
2632
3131
3630
3631
3132
2633
2134
1635
1136
637
138
139
638
1137
1636
2135
2634
3133
3632
3633
3134
2635
2136
1637
1138
639
140
141
640
1139
1638
2137
2636
3135
3634
3635
3136
2637
2138
1639
1140
641
142
143
642
1141
1640
2139
2638
3137
3636
3637
3138
2639
2140
1641
1142
643
144
145
644
1143
1642
2141
2640
3139
3638
3639
3140
2641
2142
1643
1144
645
146
147
646
1145
1644
2143
2642
3141
3640
3641
3142
2643
2144
1645
1146
647
148
149
648
1147
1646
2145
2644
3143
3642
3643
3144
2645
2146
1647
1148
649
150
151
650
1149
1648
2147
2646
3145
3644
3645
3146
2647
2148
1649
1150
651
152
153
652
1151
1650
2149
2648
3147
3646
3647
3148
2649
2150
1651
1152
653
154
155
654
1153
1652
2151
2650
3149
3648
3649
3150
2651
2152
1653
1154
655
156
157
656
1155
1654
2153
2652
3151
3650
3651
3152
2653
2154
1655
1156
657
158
159
658
1157
1656
2155
2654
3153
3652
3653
3154
2655
2156
1657
1158
659
160
161
660
1159
1658
2157
2656
3155
3654
3655
3156
2657
2158
1659
1160
661
162
163
662
1161
1660
2159
2658
3157
3656
3657
3158
2659
2160
1661
1162
663
164
165
664
1163
1662
2161
2660
3159
3658
3659
3160
2661
2162
1663
1164
665
166
167
666
1165
1664
2163
2662
3161
3660
3661
3162
2663
2164
1665
1166
667
168
169
668
1167
1666
2165
2664
3163
3662
3663
3164
2665
2166
1667
1168
669
170
171
670
1169
1668
2167
2666
3165
3664
3665
3166
2667
2168
1669
1170
671
172
173
672
1171
1670
2169
2668
3167
3666
3667
3168
2669
2170
1671
1172
673
174
175
674
1173
1672
2171
2670
3169
3668
3669
3170
2671
2172
1673
1174
675
176
177
676
1175
1674
2173
2672
3171
3670
3671
3172
2673
2174
1675
1176
677
178
179
678
1177
1676
2175
2674
3173
3672
3673
3174
2675
2176
1677
1178
679
180
181
680
1179
1678
2177
2676
3175
3674
3675
3176
2677
2178
1679
1180
681
182
183
682
1181
1680
2179
2678
3177
3676
3677
3178
2679
2180
1681
1182
683
184
185
684
1183
1682
2181
2680
3179
3678
3679
3180
2681
2182
1683
1184
685
186
187
686
1185
1684
2183
2682
3181
3680
3681
3182
2683
2184
1685
1186
687
188
189
688
1187
1686
2185
2684
3183
3682
3683
3184
2685
2186
1687
1188
689
190
191
690
1189
1688
2187
2686
3185
3684
3685
3186
2687
2188
1689
1190
691
192
193
692
1191
1690
2189
2688
3187
3686
3687
3188
2689
2190
1691
1192
693
194
195
694
1193
1692
2191
2690
3189
3688
3689
3190
2691
2192
1693
1194
695
196
197
696
1195
1694
2193
2692
3191
3690
3691
3192
2693
2194
1695
1196
697
198
199
698
1197
1696
2195
2694
3193
3692
3693
3194
2695
2196
1697
1198
699
200
201
700
1199
1698
2197
2696
3195
3694
3695
3196
2697
2198
1699
1200
701
202
203
702
1201
1700
2199
2698
3197
3696
3697
3198
2699
2200
1701
1202
703
204
205
704
1203
1702
2201
2700
3199
3698
3699
3200
2701
2202
1703
1204
705
206
207
706
1205
1704
2203
2702
3201
3700
3701
3202
2703
2204
1705
1206
707
208
209
708
1207
1706
2205
2704
3203
3702
3703
3204
2705
2206
1707
1208
709
210
211
710
1209
1708
2207
2706
3205
3704
3705
3206
2707
2208
1709
1210
711
212
213
712
1211
1710
2209
2708
3207
3706
3707
3208
2709
2210
1711
1212
713
214
215
714
1213
1712
2211
2710
3209
3708
3709
3210
2711
2212
1713
1214
715
216
217
716
1215
1714
2213
2712
3211
3710
3711
3212
2713
2214
1715
1216
717
218
219
718
1217
1716
2215
2714
3213
3712
3713
3214
2715
2216
1717
1218
719
220
221
720
1219
1718
2217
2716
3215
3714
3715
3216
2717
2218
1719
1220
721
222
223
722
1221
1720
2219
2718
3217
3716
3717
3218
2719
2220
1721
1222
723
224
225
724
1223
1722
2221
2720
3219
3718
3719
3220
2721
2222
1723
1224
725
226
227
726
1225
1724
2223
2722
3221
3720
3721
3222
2723
2224
1725
1226
727
228
229
728
1227
1726
2225
2724
3223
3722
3723
3224
2725
2226
1727
1228
729
230
231
730
1229
1728
2227
2726
3225
3724
3725
3226
2727
2228
1729
1230
731
232
233
732
1231
1730
2229
2728
3227
3726
3727
3228
2729
2230
1731
1232
733
234
235
734
1233
1732
2231
2730
3229
3728
3729
3230
2731
2232
1733
1234
735
236
237
736
1235
1734
2233
2732
3231
3730
3731
3232
2733
2234
1735
1236
737
238
239
738
1237
1736
2235
2734
3233
3732
3733
3234
2735
2236
1737
1238
739
240
241
740
1239
1738
2237
2736
3235
3734
3735
3236
2737
2238
1739
1240
741
242
243
742
1241
1740
2239
2738
3237
3736
3737
3238
2739
2240
1741
1242
743
244
245
744
1243
1742
2241
2740
3239
3738
3739
3240
2741
2242
1743
1244
745
246
247
746
1245
1744
2243
2742
3241
3740
3741
3242
2743
2244
1745
1246
747
248
249
748
1247
1746
2245
2744
3243
3742
3743
3244
2745
2246
1747
1248
749
250
251
750
1249
1748
2247
2746
3245
3744
3745
3246
2747
2248
1749
1250
751
252
253
752
1251
1750
2249
2748
3247
3746
3747
3248
2749
2250
1751
1252
753
254
255
754
1253
1752
2251
2750
3249
3748
3749
3250
2751
2252
1753
1254
755
256
257
756
1255
1754
2253
2752
3251
3750
3751
3252
2753
2254
1755
1256
757
258
259
758
1257
1756
2255
2754
3253
3752
3753
3254
2755
2256
1757
1258
759
260
261
760
1259
1758
2257
2756
3255
3754
3755
3256
2757
2258
1759
1260
761
262
263
762
1261
1760
2259
2758
3257
3756
3757
3258
2759
2260
1761
1262
763
264
265
764
1263
1762
2261
2760
3259
3758
3759
3260
2761
2262
1763
1264
765
266
267
766
1265
1764
2263
2762
3261
3760
3761
3262
2763
2264
1765
1266
767
268
269
768
1267
1766
2265
2764
3263
3762
3763
3264
2765
2266
1767
1268
769
270
271
770
1269
1768
2267
2766
3265
3764
3765
3266
2767
2268
1769
1270
771
272
273
772
1271
1770
2269
2768
3267
3766
3767
3268
2769
2270
1771
1272
773
274
275
774
1273
1772
2271
2770
3269
3768
3769
3270
2771
2272
1773
1274
775
276
277
776
1275
1774
2273
2772
3271
3770
3771
3272
2773
2274
1775
1276
777
278
279
778
1277
1776
2275
2774
3273
3772
3773
3274
2775
2276
1777
1278
779
280
281
780
1279
1778
2277
2776
3275
3774
3775
3276
2777
2278
1779
1280
781
282
283
782
1281
1780
2279
2778
3277
3776
3777
3278
2779
2280
1781
1282
783
284
285
784
1283
1782
2281
2780
3279
3778
3779
3280
2781
2282
1783
1284
785
286
287
786
1285
1784
2283
2782
3281
3780
3781
3282
2783
2284
1785
1286
787
288
289
788
1287
1786
2285
2784
3283
3782
3783
3284
2785
2286
1787
1288
789
290
291
790
1289
1788
2287
2786
3285
3784
3785
3286
2787
2288
1789
1290
791
292
293
792
1291
1790
2289
2788
3287
3786
3787
3288
2789
2290
1791
1292
793
294
295
794
1293
1792
2291
2790
3289
3788
3789
3290
2791
2292
1793
1294
795
296
297
796
1295
1794
2293
2792
3291
3790
3791
3292
2793
2294
1795
1296
797
298
299
798
1297
1796
2295
2794
3293
3792
3793
3294
2795
2296
1797
1298
799
300
301
800
1299
1798
2297
2796
3295
3794
3795
3296
2797
2298
1799
1300
801
302
303
802
1301
1800
2299
2798
3297
3796
3797
3298
2799
2300
1801
1302
803
304
305
804
1303
1802
2301
2800
3299
3798
3799
3300
2801
2302
1803
1304
805
306
307
806
1305
1804
2303
2802
3301
3800
3801
3302
2803
2304
1805
1306
807
308
309
808
1307
1806
2305
2804
3303
3802
3803
3304
2805
2306
1807
1308
809
310
311
810
1309
1808
2307
2806
3305
3804
3805
3306
2807
2308
1809
1310
811
312
313
812
1311
1810
2309
2808
3307
3806
3807
3308
2809
2310
1811
1312
813
314
315
814
1313
1812
2311
2810
3309
3808
3809
3310
2811
2312
1813
1314
815
316
317
816
1315
1814
2313
2812
3311
3810
3811
3312
2813
2314
1815
1316
817
318
319
818
1317
1816
2315
2814
3313
3812
3813
3314
2815
2316
1817
1318
819
320
321
820
1319
1818
2317
2816
3315
3814
3815
3316
2817
2318
1819
1320
821
322
323
822
1321
1820
2319
2818
3317
3816
3817
3318
2819
2320
1821
1322
823
324
325
824
1323
1822
2321
2820
3319
3818
3819
3320
2821
2322
1823
1324
825
326
327
826
1325
1824
2323
2822
3321
3820
3821
3322
2823
2324
1825
1326
827
328
329
828
1327
1826
2325
2824
3323
3822
3823
3324
2825
2326
1827
1328
829
330
331
830
1329
1828
2327
2826
3325
3824
3825
3326
2827
2328
1829
1330
831
332
333
832
1331
1830
2329
2828
3327
3826
3827
3328
2829
2330
1831
1332
833
334
335
834
1333
1832
2331
2830
3329
3828
3829
3330
2831
2332
1833
1334
835
336
337
836
1335
1834
2333
2832
3331
3830
3831
3332
2833
2334
1835
1336
837
338
339
838
1337
1836
2335
2834
3333
3832
3833
3334
2835
2336
1837
1338
839
340
341
840
1339
1838
2337
2836
3335
3834
3835
3336
2837
2338
1839
1340
841
342
343
842
1341
1840
2339
2838
3337
3836
3837
3338
2839
2340
1841
1342
843
344
345
844
1343
1842
2341
2840
3339
3838
3839
3340
2841
2342
1843
1344
845
346
347
846
1345
1844
2343
2842
3341
3840
3841
3342
2843
2344
1845
1346
847
348
349
848
1347
1846
2345
2844
3343
3842
3843
3344
2845
2346
1847
1348
849
350
351
850
1349
1848
2347
2846
3345
3844
3845
3346
2847
2348
1849
1350
851
352
353
852
1351
1850
2349
2848
3347
3846
3847
3348
2849
2350
1851
1352
853
354
355
854
1353
1852
2351
2850
3349
3848
3849
3350
2851
2352
1853
1354
855
356
357
856
1355
1854
2353
2852
3351
3850
3851
3352
2853
2354
1855
1356
857
358
359
858
1357
1856
2355
2854
3353
3852
3853
3354
2855
2356
1857
1358
859
360
361
860
1359
1858
2357
2856
3355
3854
3855
3356
2857
2358
1859
1360
861
362
363
862
1361
1860
2359
2858
3357
3856
3857
3358
2859
2360
1861
1362
863
364
365
864
1363
1862
2361
2860
3359
3858
3859
3360
2861
2362
1863
1364
865
366
367
866
1365
1864
2363
2862
3361
3860
3861
3362
2863
2364
1865
1366
867
368
369
868
1367
1866
2365
2864
3363
3862
3863
3364
2865
2366
1867
1368
869
370
371
870
1369
1868
2367
2866
3365
3864
3865
3366
2867
2368
1869
1370
871
372
373
872
1371
1870
2369
2868
3367
3866
3867
3368
2869
2370
1871
1372
873
374
375
874
1373
1872
2371
2870
3369
3868
3869
3370
2871
2372
1873
1374
875
376
377
876
1375
1874
2373
2872
3371
3870
3871
3372
2873
2374
1875
1376
877
378
379
878
1377
1876
2375
2874
3373
3872
3873
3374
2875
2376
1877
1378
879
380
381
880
1379
1878
2377
2876
3375
3874
3875
3376
2877
2378
1879
1380
881
382
383
882
1381
1880
2379
2878
3377
3876
3877
3378
2879
2380
1881
1382
883
384
385
884
1383
1882
2381
2880
3379
3878
3879
3380
2881
2382
1883
1384
885
386
387
886
1385
1884
2383
2882
3381
3880
3881
3382
2883
2384
1885
1386
887
388
389
888
1387
1886
2385
2884
3383
3882
3883
3384
2885
2386
1887
1388
889
390
391
890
1389
1888
2387
2886
3385
3884
3885
3386
2887
2388
1889
1390
891
392
393
892
1391
1890
2389
2888
3387
3886
3887
3388
2889
2390
1891
1392
893
394
395
894
1393
1892
2391
2890
3389
3888
3889
3390
2891
2392
1893
1394
895
396
397
896
1395
1894
2393
2892
3391
3890
3891
3392
2893
2394
1895
1396
897
398
399
898
1397
1896
2395
2894
3393
3892
3893
3394
2895
2396
1897
1398
899
400
401
900
1399
1898
2397
2896
3395
3894
3895
3396
2897
2398
1899
1400
901
402
403
902
1401
1900
2399
2898
3397
3896
3897
3398
2899
2400
1901
1402
903
404
405
904
1403
1902
2401
2900
3399
3898
3899
3400
2901
2402
1903
1404
905
406
407
906
1405
1904
2403
2902
3401
3900
3901
3402
2903
2404
1905
1406
907
408
409
908
1407
1906
2405
2904
3403
3902
3903
3404
2905
2406
1907
1408
909
410
411
910
1409
1908
2407
2906
3405
3904
3905
3406
2907
2408
1909
1410
911
412
413
912
1411
1910
2409
2908
3407
3906
3907
3408
2909
2410
1911
1412
913
414
415
914
1413
1912
2411
2910
3409
3908
3909
3410
2911
2412
1913
1414
915
416
417
916
1415
1914
2413
2912
3411
3910
3911
3412
2913
2414
1915
1416
917
418
419
918
1417
1916
2415
2914
3413
3912
3913
3414
2915
2416
1917
1418
919
420
421
920
1419
1918
2417
2916
3415
3914
3915
3416
2917
2418
1919
1420
921
422
423
922
1421
1920
2419
2918
3417
3916
3917
3418
2919
2420
1921
1422
923
424
425
924
1423
1922
2421
2920
3419
3918
3919
3420
2921
2422
1923
1424
925
426
427
926
1425
1924
2423
2922
3421
3920
3921
3422
2923
2424
1925
1426
927
428
429
928
1427
1926
2425
2924
3423
3922
3923
3424
2925
2426
1927
1428
929
430
431
930
1429
1928
2427
2926
3425
3924
3925
3426
2927
2428
1929
1430
931
432
433
932
1431
1930
2429
2928
3427
3926
3927
3428
2929
2430
1931
1432
933
434
435
934
1433
1932
2431
2930
3429
3928
3929
3430
2931
2432
1933
1434
935
436
437
936
1435
1934
2433
2932
3431
3930
3931
3432
2933
2434
1935
1436
937
438
439
938
1437
1936
2435
2934
3433
3932
3933
3434
2935
2436
1937
1438
939
440
441
940
1439
1938
2437
2936
3435
3934
3935
3436
2937
2438
1939
1440
941
442
443
942
1441
1940
2439
2938
3437
3936
3937
3438
2939
2440
1941
1442
943
444
445
944
1443
1942
2441
2940
3439
3938
3939
3440
2941
2442
1943
1444
945
446
447
946
1445
1944
2443
2942
3441
3940
3941
3442
2943
2444
1945
1446
947
448
449
948
1447
1946
2445
2944
3443
3942
3943
3444
2945
2446
1947
1448
949
450
451
950
1449
1948
2447
2946
3445
3944
3945
3446
2947
2448
1949
1450
951
452
453
952
1451
1950
2449
2948
3447
3946
3947
3448
2949
2450
1951
1452
953
454
455
954
1453
1952
2451
2950
3449
3948
3949
3450
2951
2452
1953
1454
955
456
457
956
1455
1954
2453
2952
3451
3950
3951
3452
2953
2454
1955
1456
957
458
459
958
1457
1956
2455
2954
3453
3952
3953
3454
2955
2456
1957
1458
959
460
461
960
1459
1958
2457
2956
3455
3954
3955
3456
2957
2458
1959
1460
961
462
463
962
1461
1960
2459
2958
3457
3956
3957
3458
2959
2460
1961
1462
963
464
465
964
1463
1962
2461
2960
3459
3958
3959
3460
2961
2462
1963
1464
965
466
467
966
1465
1964
2463
2962
3461
3960
3961
3462
2963
2464
1965
1466
967
468
469
968
1467
1966
2465
2964
3463
3962
3963
3464
2965
2466
1967
1468
969
470
471
970
1469
1968
2467
2966
3465
3964
3965
3466
2967
2468
1969
1470
971
472
473
972
1471
1970
2469
2968
3467
3966
3967
3468
2969
2470
1971
1472
973
474
475
974
1473
1972
2471
2970
3469
3968
3969
3470
2971
2472
1973
1474
975
476
477
976
1475
1974
2473
2972
3471
3970
3971
3472
2973
2474
1975
1476
977
478
479
978
1477
1976
2475
2974
3473
3972
3973
3474
2975
2476
1977
1478
979
480
481
980
1479
1978
2477
2976
3475
3974
3975
3476
2977
2478
1979
1480
981
482
483
982
1481
1980
2479
2978
3477
3976
3977
3478
2979
2480
1981
1482
983
484
485
984
1483
1982
2481
2980
3479
3978
3979
3480
2981
2482
1983
1484
985
486
487
986
1485
1984
2483
2982
3481
3980
3981
3482
2983
2484
1985
1486
987
488
489
988
1487
1986
2485
2984
3483
3982
3983
3484
2985
2486
1987
1488
989
490
491
990
1489
1988
2487
2986
3485
3984
3985
3486
2987
2488
1989
1490
991
492
493
992
1491
1990
2489
2988
3487
3986
3987
3488
2989
2490
1991
1492
993
494
495
994
1493
1992
2491
2990
3489
3988
3989
3490
2991
2492
1993
1494
995
496
497
996
1495
1994
2493
2992
3491
3990
3991
3492
2993
2494
1995
1496
997
498
499
998
1497
1996
2495
2994
3493
3992
3993
3494
2995
2496
1997
1498
999
1499
1998
2497
2996
3495
3994
3995
3496
2997
2498
1999
2499
2998
3497
3996
3997
3498
2999
3499
3998
3999
